# Independent Root reference from public semantics, before reading templates.
# Test expectations; no owner adoption or family proof.
150 0 0 0 160 0 0 | reject 201 150 0 0 0 | -
150 0 0 0 160 0 1 | accept - 151 0 0 0 | -
150 0 0 0 160 1 0 | reject 201 150 0 0 0 | -
150 0 0 0 160 1 1 | accept - 151 0 0 0 | -
150 0 0 0 160 2 0 | reject 201 150 0 0 0 | -
150 0 0 0 160 2 1 | accept - 151 0 0 0 | -
150 0 0 0 161 0 0 | reject 201 150 0 0 0 | -
150 0 0 0 161 0 1 | reject 202 150 0 0 0 | -
150 0 0 0 161 1 0 | reject 201 150 0 0 0 | -
150 0 0 0 161 1 1 | reject 202 150 0 0 0 | -
150 0 0 0 161 2 0 | reject 201 150 0 0 0 | -
150 0 0 0 161 2 1 | reject 202 150 0 0 0 | -
150 0 0 0 162 0 0 | reject 201 150 0 0 0 | -
150 0 0 0 162 0 1 | reject 202 150 0 0 0 | -
150 0 0 0 162 1 0 | reject 201 150 0 0 0 | -
150 0 0 0 162 1 1 | reject 202 150 0 0 0 | -
150 0 0 0 162 2 0 | reject 201 150 0 0 0 | -
150 0 0 0 162 2 1 | reject 202 150 0 0 0 | -
150 0 0 1 160 0 0 | reject 200 150 0 0 1 | -
150 0 0 1 160 0 1 | reject 200 150 0 0 1 | -
150 0 0 1 160 1 0 | reject 200 150 0 0 1 | -
150 0 0 1 160 1 1 | reject 200 150 0 0 1 | -
150 0 0 1 160 2 0 | reject 200 150 0 0 1 | -
150 0 0 1 160 2 1 | reject 200 150 0 0 1 | -
150 0 0 1 161 0 0 | reject 200 150 0 0 1 | -
150 0 0 1 161 0 1 | reject 200 150 0 0 1 | -
150 0 0 1 161 1 0 | reject 200 150 0 0 1 | -
150 0 0 1 161 1 1 | reject 200 150 0 0 1 | -
150 0 0 1 161 2 0 | reject 200 150 0 0 1 | -
150 0 0 1 161 2 1 | reject 200 150 0 0 1 | -
150 0 0 1 162 0 0 | reject 200 150 0 0 1 | -
150 0 0 1 162 0 1 | reject 200 150 0 0 1 | -
150 0 0 1 162 1 0 | reject 200 150 0 0 1 | -
150 0 0 1 162 1 1 | reject 200 150 0 0 1 | -
150 0 0 1 162 2 0 | reject 200 150 0 0 1 | -
150 0 0 1 162 2 1 | reject 200 150 0 0 1 | -
150 0 1 0 160 0 0 | reject 200 150 0 1 0 | -
150 0 1 0 160 0 1 | reject 200 150 0 1 0 | -
150 0 1 0 160 1 0 | reject 200 150 0 1 0 | -
150 0 1 0 160 1 1 | reject 200 150 0 1 0 | -
150 0 1 0 160 2 0 | reject 200 150 0 1 0 | -
150 0 1 0 160 2 1 | reject 200 150 0 1 0 | -
150 0 1 0 161 0 0 | reject 200 150 0 1 0 | -
150 0 1 0 161 0 1 | reject 200 150 0 1 0 | -
150 0 1 0 161 1 0 | reject 200 150 0 1 0 | -
150 0 1 0 161 1 1 | reject 200 150 0 1 0 | -
150 0 1 0 161 2 0 | reject 200 150 0 1 0 | -
150 0 1 0 161 2 1 | reject 200 150 0 1 0 | -
150 0 1 0 162 0 0 | reject 200 150 0 1 0 | -
150 0 1 0 162 0 1 | reject 200 150 0 1 0 | -
150 0 1 0 162 1 0 | reject 200 150 0 1 0 | -
150 0 1 0 162 1 1 | reject 200 150 0 1 0 | -
150 0 1 0 162 2 0 | reject 200 150 0 1 0 | -
150 0 1 0 162 2 1 | reject 200 150 0 1 0 | -
150 0 1 1 160 0 0 | reject 200 150 0 1 1 | -
150 0 1 1 160 0 1 | reject 200 150 0 1 1 | -
150 0 1 1 160 1 0 | reject 200 150 0 1 1 | -
150 0 1 1 160 1 1 | reject 200 150 0 1 1 | -
150 0 1 1 160 2 0 | reject 200 150 0 1 1 | -
150 0 1 1 160 2 1 | reject 200 150 0 1 1 | -
150 0 1 1 161 0 0 | reject 200 150 0 1 1 | -
150 0 1 1 161 0 1 | reject 200 150 0 1 1 | -
150 0 1 1 161 1 0 | reject 200 150 0 1 1 | -
150 0 1 1 161 1 1 | reject 200 150 0 1 1 | -
150 0 1 1 161 2 0 | reject 200 150 0 1 1 | -
150 0 1 1 161 2 1 | reject 200 150 0 1 1 | -
150 0 1 1 162 0 0 | reject 200 150 0 1 1 | -
150 0 1 1 162 0 1 | reject 200 150 0 1 1 | -
150 0 1 1 162 1 0 | reject 200 150 0 1 1 | -
150 0 1 1 162 1 1 | reject 200 150 0 1 1 | -
150 0 1 1 162 2 0 | reject 200 150 0 1 1 | -
150 0 1 1 162 2 1 | reject 200 150 0 1 1 | -
150 1 0 0 160 0 0 | reject 200 150 1 0 0 | -
150 1 0 0 160 0 1 | reject 200 150 1 0 0 | -
150 1 0 0 160 1 0 | reject 200 150 1 0 0 | -
150 1 0 0 160 1 1 | reject 200 150 1 0 0 | -
150 1 0 0 160 2 0 | reject 200 150 1 0 0 | -
150 1 0 0 160 2 1 | reject 200 150 1 0 0 | -
150 1 0 0 161 0 0 | reject 200 150 1 0 0 | -
150 1 0 0 161 0 1 | reject 200 150 1 0 0 | -
150 1 0 0 161 1 0 | reject 200 150 1 0 0 | -
150 1 0 0 161 1 1 | reject 200 150 1 0 0 | -
150 1 0 0 161 2 0 | reject 200 150 1 0 0 | -
150 1 0 0 161 2 1 | reject 200 150 1 0 0 | -
150 1 0 0 162 0 0 | reject 200 150 1 0 0 | -
150 1 0 0 162 0 1 | reject 200 150 1 0 0 | -
150 1 0 0 162 1 0 | reject 200 150 1 0 0 | -
150 1 0 0 162 1 1 | reject 200 150 1 0 0 | -
150 1 0 0 162 2 0 | reject 200 150 1 0 0 | -
150 1 0 0 162 2 1 | reject 200 150 1 0 0 | -
150 1 0 1 160 0 0 | reject 200 150 1 0 1 | -
150 1 0 1 160 0 1 | reject 200 150 1 0 1 | -
150 1 0 1 160 1 0 | reject 200 150 1 0 1 | -
150 1 0 1 160 1 1 | reject 200 150 1 0 1 | -
150 1 0 1 160 2 0 | reject 200 150 1 0 1 | -
150 1 0 1 160 2 1 | reject 200 150 1 0 1 | -
150 1 0 1 161 0 0 | reject 200 150 1 0 1 | -
150 1 0 1 161 0 1 | reject 200 150 1 0 1 | -
150 1 0 1 161 1 0 | reject 200 150 1 0 1 | -
150 1 0 1 161 1 1 | reject 200 150 1 0 1 | -
150 1 0 1 161 2 0 | reject 200 150 1 0 1 | -
150 1 0 1 161 2 1 | reject 200 150 1 0 1 | -
150 1 0 1 162 0 0 | reject 200 150 1 0 1 | -
150 1 0 1 162 0 1 | reject 200 150 1 0 1 | -
150 1 0 1 162 1 0 | reject 200 150 1 0 1 | -
150 1 0 1 162 1 1 | reject 200 150 1 0 1 | -
150 1 0 1 162 2 0 | reject 200 150 1 0 1 | -
150 1 0 1 162 2 1 | reject 200 150 1 0 1 | -
150 1 1 0 160 0 0 | reject 200 150 1 1 0 | -
150 1 1 0 160 0 1 | reject 200 150 1 1 0 | -
150 1 1 0 160 1 0 | reject 200 150 1 1 0 | -
150 1 1 0 160 1 1 | reject 200 150 1 1 0 | -
150 1 1 0 160 2 0 | reject 200 150 1 1 0 | -
150 1 1 0 160 2 1 | reject 200 150 1 1 0 | -
150 1 1 0 161 0 0 | reject 200 150 1 1 0 | -
150 1 1 0 161 0 1 | reject 200 150 1 1 0 | -
150 1 1 0 161 1 0 | reject 200 150 1 1 0 | -
150 1 1 0 161 1 1 | reject 200 150 1 1 0 | -
150 1 1 0 161 2 0 | reject 200 150 1 1 0 | -
150 1 1 0 161 2 1 | reject 200 150 1 1 0 | -
150 1 1 0 162 0 0 | reject 200 150 1 1 0 | -
150 1 1 0 162 0 1 | reject 200 150 1 1 0 | -
150 1 1 0 162 1 0 | reject 200 150 1 1 0 | -
150 1 1 0 162 1 1 | reject 200 150 1 1 0 | -
150 1 1 0 162 2 0 | reject 200 150 1 1 0 | -
150 1 1 0 162 2 1 | reject 200 150 1 1 0 | -
150 1 1 1 160 0 0 | reject 200 150 1 1 1 | -
150 1 1 1 160 0 1 | reject 200 150 1 1 1 | -
150 1 1 1 160 1 0 | reject 200 150 1 1 1 | -
150 1 1 1 160 1 1 | reject 200 150 1 1 1 | -
150 1 1 1 160 2 0 | reject 200 150 1 1 1 | -
150 1 1 1 160 2 1 | reject 200 150 1 1 1 | -
150 1 1 1 161 0 0 | reject 200 150 1 1 1 | -
150 1 1 1 161 0 1 | reject 200 150 1 1 1 | -
150 1 1 1 161 1 0 | reject 200 150 1 1 1 | -
150 1 1 1 161 1 1 | reject 200 150 1 1 1 | -
150 1 1 1 161 2 0 | reject 200 150 1 1 1 | -
150 1 1 1 161 2 1 | reject 200 150 1 1 1 | -
150 1 1 1 162 0 0 | reject 200 150 1 1 1 | -
150 1 1 1 162 0 1 | reject 200 150 1 1 1 | -
150 1 1 1 162 1 0 | reject 200 150 1 1 1 | -
150 1 1 1 162 1 1 | reject 200 150 1 1 1 | -
150 1 1 1 162 2 0 | reject 200 150 1 1 1 | -
150 1 1 1 162 2 1 | reject 200 150 1 1 1 | -
151 0 0 0 160 0 0 | reject 201 151 0 0 0 | -
151 0 0 0 160 0 1 | reject 202 151 0 0 0 | -
151 0 0 0 160 1 0 | reject 201 151 0 0 0 | -
151 0 0 0 160 1 1 | reject 202 151 0 0 0 | -
151 0 0 0 160 2 0 | reject 201 151 0 0 0 | -
151 0 0 0 160 2 1 | reject 202 151 0 0 0 | -
151 0 0 0 161 0 0 | reject 201 151 0 0 0 | -
151 0 0 0 161 0 1 | accept - 151 1 0 0 | -
151 0 0 0 161 1 0 | reject 201 151 0 0 0 | -
151 0 0 0 161 1 1 | accept - 151 0 1 0 | -
151 0 0 0 161 2 0 | reject 201 151 0 0 0 | -
151 0 0 0 161 2 1 | accept - 151 0 0 1 | -
151 0 0 0 162 0 0 | reject 201 151 0 0 0 | -
151 0 0 0 162 0 1 | reject 204 151 0 0 0 | -
151 0 0 0 162 1 0 | reject 201 151 0 0 0 | -
151 0 0 0 162 1 1 | reject 204 151 0 0 0 | -
151 0 0 0 162 2 0 | reject 201 151 0 0 0 | -
151 0 0 0 162 2 1 | reject 204 151 0 0 0 | -
151 0 0 1 160 0 0 | reject 201 151 0 0 1 | -
151 0 0 1 160 0 1 | reject 202 151 0 0 1 | -
151 0 0 1 160 1 0 | reject 201 151 0 0 1 | -
151 0 0 1 160 1 1 | reject 202 151 0 0 1 | -
151 0 0 1 160 2 0 | reject 201 151 0 0 1 | -
151 0 0 1 160 2 1 | reject 202 151 0 0 1 | -
151 0 0 1 161 0 0 | reject 201 151 0 0 1 | -
151 0 0 1 161 0 1 | accept - 151 1 0 1 | -
151 0 0 1 161 1 0 | reject 201 151 0 0 1 | -
151 0 0 1 161 1 1 | accept - 151 0 1 1 | -
151 0 0 1 161 2 0 | reject 201 151 0 0 1 | -
151 0 0 1 161 2 1 | reject 203 151 0 0 1 | -
151 0 0 1 162 0 0 | reject 201 151 0 0 1 | -
151 0 0 1 162 0 1 | accept - 152 0 0 1 | -
151 0 0 1 162 1 0 | reject 201 151 0 0 1 | -
151 0 0 1 162 1 1 | accept - 152 0 0 1 | -
151 0 0 1 162 2 0 | reject 201 151 0 0 1 | -
151 0 0 1 162 2 1 | accept - 152 0 0 1 | -
151 0 1 0 160 0 0 | reject 201 151 0 1 0 | -
151 0 1 0 160 0 1 | reject 202 151 0 1 0 | -
151 0 1 0 160 1 0 | reject 201 151 0 1 0 | -
151 0 1 0 160 1 1 | reject 202 151 0 1 0 | -
151 0 1 0 160 2 0 | reject 201 151 0 1 0 | -
151 0 1 0 160 2 1 | reject 202 151 0 1 0 | -
151 0 1 0 161 0 0 | reject 201 151 0 1 0 | -
151 0 1 0 161 0 1 | accept - 151 1 1 0 | -
151 0 1 0 161 1 0 | reject 201 151 0 1 0 | -
151 0 1 0 161 1 1 | reject 203 151 0 1 0 | -
151 0 1 0 161 2 0 | reject 201 151 0 1 0 | -
151 0 1 0 161 2 1 | accept - 151 0 1 1 | -
151 0 1 0 162 0 0 | reject 201 151 0 1 0 | -
151 0 1 0 162 0 1 | accept - 152 0 1 0 | -
151 0 1 0 162 1 0 | reject 201 151 0 1 0 | -
151 0 1 0 162 1 1 | accept - 152 0 1 0 | -
151 0 1 0 162 2 0 | reject 201 151 0 1 0 | -
151 0 1 0 162 2 1 | accept - 152 0 1 0 | -
151 0 1 1 160 0 0 | reject 201 151 0 1 1 | -
151 0 1 1 160 0 1 | reject 202 151 0 1 1 | -
151 0 1 1 160 1 0 | reject 201 151 0 1 1 | -
151 0 1 1 160 1 1 | reject 202 151 0 1 1 | -
151 0 1 1 160 2 0 | reject 201 151 0 1 1 | -
151 0 1 1 160 2 1 | reject 202 151 0 1 1 | -
151 0 1 1 161 0 0 | reject 201 151 0 1 1 | -
151 0 1 1 161 0 1 | accept - 151 1 1 1 | -
151 0 1 1 161 1 0 | reject 201 151 0 1 1 | -
151 0 1 1 161 1 1 | reject 203 151 0 1 1 | -
151 0 1 1 161 2 0 | reject 201 151 0 1 1 | -
151 0 1 1 161 2 1 | reject 203 151 0 1 1 | -
151 0 1 1 162 0 0 | reject 201 151 0 1 1 | -
151 0 1 1 162 0 1 | accept - 152 0 1 1 | -
151 0 1 1 162 1 0 | reject 201 151 0 1 1 | -
151 0 1 1 162 1 1 | accept - 152 0 1 1 | -
151 0 1 1 162 2 0 | reject 201 151 0 1 1 | -
151 0 1 1 162 2 1 | accept - 152 0 1 1 | -
151 1 0 0 160 0 0 | reject 201 151 1 0 0 | -
151 1 0 0 160 0 1 | reject 202 151 1 0 0 | -
151 1 0 0 160 1 0 | reject 201 151 1 0 0 | -
151 1 0 0 160 1 1 | reject 202 151 1 0 0 | -
151 1 0 0 160 2 0 | reject 201 151 1 0 0 | -
151 1 0 0 160 2 1 | reject 202 151 1 0 0 | -
151 1 0 0 161 0 0 | reject 201 151 1 0 0 | -
151 1 0 0 161 0 1 | reject 203 151 1 0 0 | -
151 1 0 0 161 1 0 | reject 201 151 1 0 0 | -
151 1 0 0 161 1 1 | accept - 151 1 1 0 | -
151 1 0 0 161 2 0 | reject 201 151 1 0 0 | -
151 1 0 0 161 2 1 | accept - 151 1 0 1 | -
151 1 0 0 162 0 0 | reject 201 151 1 0 0 | -
151 1 0 0 162 0 1 | accept - 152 1 0 0 | -
151 1 0 0 162 1 0 | reject 201 151 1 0 0 | -
151 1 0 0 162 1 1 | accept - 152 1 0 0 | -
151 1 0 0 162 2 0 | reject 201 151 1 0 0 | -
151 1 0 0 162 2 1 | accept - 152 1 0 0 | -
151 1 0 1 160 0 0 | reject 201 151 1 0 1 | -
151 1 0 1 160 0 1 | reject 202 151 1 0 1 | -
151 1 0 1 160 1 0 | reject 201 151 1 0 1 | -
151 1 0 1 160 1 1 | reject 202 151 1 0 1 | -
151 1 0 1 160 2 0 | reject 201 151 1 0 1 | -
151 1 0 1 160 2 1 | reject 202 151 1 0 1 | -
151 1 0 1 161 0 0 | reject 201 151 1 0 1 | -
151 1 0 1 161 0 1 | reject 203 151 1 0 1 | -
151 1 0 1 161 1 0 | reject 201 151 1 0 1 | -
151 1 0 1 161 1 1 | accept - 151 1 1 1 | -
151 1 0 1 161 2 0 | reject 201 151 1 0 1 | -
151 1 0 1 161 2 1 | reject 203 151 1 0 1 | -
151 1 0 1 162 0 0 | reject 201 151 1 0 1 | -
151 1 0 1 162 0 1 | accept - 152 1 0 1 | -
151 1 0 1 162 1 0 | reject 201 151 1 0 1 | -
151 1 0 1 162 1 1 | accept - 152 1 0 1 | -
151 1 0 1 162 2 0 | reject 201 151 1 0 1 | -
151 1 0 1 162 2 1 | accept - 152 1 0 1 | -
151 1 1 0 160 0 0 | reject 201 151 1 1 0 | -
151 1 1 0 160 0 1 | reject 202 151 1 1 0 | -
151 1 1 0 160 1 0 | reject 201 151 1 1 0 | -
151 1 1 0 160 1 1 | reject 202 151 1 1 0 | -
151 1 1 0 160 2 0 | reject 201 151 1 1 0 | -
151 1 1 0 160 2 1 | reject 202 151 1 1 0 | -
151 1 1 0 161 0 0 | reject 201 151 1 1 0 | -
151 1 1 0 161 0 1 | reject 203 151 1 1 0 | -
151 1 1 0 161 1 0 | reject 201 151 1 1 0 | -
151 1 1 0 161 1 1 | reject 203 151 1 1 0 | -
151 1 1 0 161 2 0 | reject 201 151 1 1 0 | -
151 1 1 0 161 2 1 | accept - 151 1 1 1 | -
151 1 1 0 162 0 0 | reject 201 151 1 1 0 | -
151 1 1 0 162 0 1 | accept - 152 1 1 0 | -
151 1 1 0 162 1 0 | reject 201 151 1 1 0 | -
151 1 1 0 162 1 1 | accept - 152 1 1 0 | -
151 1 1 0 162 2 0 | reject 201 151 1 1 0 | -
151 1 1 0 162 2 1 | accept - 152 1 1 0 | -
151 1 1 1 160 0 0 | reject 201 151 1 1 1 | -
151 1 1 1 160 0 1 | reject 202 151 1 1 1 | -
151 1 1 1 160 1 0 | reject 201 151 1 1 1 | -
151 1 1 1 160 1 1 | reject 202 151 1 1 1 | -
151 1 1 1 160 2 0 | reject 201 151 1 1 1 | -
151 1 1 1 160 2 1 | reject 202 151 1 1 1 | -
151 1 1 1 161 0 0 | reject 201 151 1 1 1 | -
151 1 1 1 161 0 1 | reject 203 151 1 1 1 | -
151 1 1 1 161 1 0 | reject 201 151 1 1 1 | -
151 1 1 1 161 1 1 | reject 203 151 1 1 1 | -
151 1 1 1 161 2 0 | reject 201 151 1 1 1 | -
151 1 1 1 161 2 1 | reject 203 151 1 1 1 | -
151 1 1 1 162 0 0 | reject 201 151 1 1 1 | -
151 1 1 1 162 0 1 | accept - 152 1 1 1 | -
151 1 1 1 162 1 0 | reject 201 151 1 1 1 | -
151 1 1 1 162 1 1 | accept - 152 1 1 1 | -
151 1 1 1 162 2 0 | reject 201 151 1 1 1 | -
151 1 1 1 162 2 1 | accept - 152 1 1 1 | -
152 0 0 0 160 0 0 | reject 200 152 0 0 0 | -
152 0 0 0 160 0 1 | reject 200 152 0 0 0 | -
152 0 0 0 160 1 0 | reject 200 152 0 0 0 | -
152 0 0 0 160 1 1 | reject 200 152 0 0 0 | -
152 0 0 0 160 2 0 | reject 200 152 0 0 0 | -
152 0 0 0 160 2 1 | reject 200 152 0 0 0 | -
152 0 0 0 161 0 0 | reject 200 152 0 0 0 | -
152 0 0 0 161 0 1 | reject 200 152 0 0 0 | -
152 0 0 0 161 1 0 | reject 200 152 0 0 0 | -
152 0 0 0 161 1 1 | reject 200 152 0 0 0 | -
152 0 0 0 161 2 0 | reject 200 152 0 0 0 | -
152 0 0 0 161 2 1 | reject 200 152 0 0 0 | -
152 0 0 0 162 0 0 | reject 200 152 0 0 0 | -
152 0 0 0 162 0 1 | reject 200 152 0 0 0 | -
152 0 0 0 162 1 0 | reject 200 152 0 0 0 | -
152 0 0 0 162 1 1 | reject 200 152 0 0 0 | -
152 0 0 0 162 2 0 | reject 200 152 0 0 0 | -
152 0 0 0 162 2 1 | reject 200 152 0 0 0 | -
152 0 0 1 160 0 0 | reject 201 152 0 0 1 | -
152 0 0 1 160 0 1 | reject 202 152 0 0 1 | -
152 0 0 1 160 1 0 | reject 201 152 0 0 1 | -
152 0 0 1 160 1 1 | reject 202 152 0 0 1 | -
152 0 0 1 160 2 0 | reject 201 152 0 0 1 | -
152 0 0 1 160 2 1 | reject 202 152 0 0 1 | -
152 0 0 1 161 0 0 | reject 201 152 0 0 1 | -
152 0 0 1 161 0 1 | reject 202 152 0 0 1 | -
152 0 0 1 161 1 0 | reject 201 152 0 0 1 | -
152 0 0 1 161 1 1 | reject 202 152 0 0 1 | -
152 0 0 1 161 2 0 | reject 201 152 0 0 1 | -
152 0 0 1 161 2 1 | reject 202 152 0 0 1 | -
152 0 0 1 162 0 0 | reject 201 152 0 0 1 | -
152 0 0 1 162 0 1 | reject 202 152 0 0 1 | -
152 0 0 1 162 1 0 | reject 201 152 0 0 1 | -
152 0 0 1 162 1 1 | reject 202 152 0 0 1 | -
152 0 0 1 162 2 0 | reject 201 152 0 0 1 | -
152 0 0 1 162 2 1 | reject 202 152 0 0 1 | -
152 0 1 0 160 0 0 | reject 201 152 0 1 0 | -
152 0 1 0 160 0 1 | reject 202 152 0 1 0 | -
152 0 1 0 160 1 0 | reject 201 152 0 1 0 | -
152 0 1 0 160 1 1 | reject 202 152 0 1 0 | -
152 0 1 0 160 2 0 | reject 201 152 0 1 0 | -
152 0 1 0 160 2 1 | reject 202 152 0 1 0 | -
152 0 1 0 161 0 0 | reject 201 152 0 1 0 | -
152 0 1 0 161 0 1 | reject 202 152 0 1 0 | -
152 0 1 0 161 1 0 | reject 201 152 0 1 0 | -
152 0 1 0 161 1 1 | reject 202 152 0 1 0 | -
152 0 1 0 161 2 0 | reject 201 152 0 1 0 | -
152 0 1 0 161 2 1 | reject 202 152 0 1 0 | -
152 0 1 0 162 0 0 | reject 201 152 0 1 0 | -
152 0 1 0 162 0 1 | reject 202 152 0 1 0 | -
152 0 1 0 162 1 0 | reject 201 152 0 1 0 | -
152 0 1 0 162 1 1 | reject 202 152 0 1 0 | -
152 0 1 0 162 2 0 | reject 201 152 0 1 0 | -
152 0 1 0 162 2 1 | reject 202 152 0 1 0 | -
152 0 1 1 160 0 0 | reject 201 152 0 1 1 | -
152 0 1 1 160 0 1 | reject 202 152 0 1 1 | -
152 0 1 1 160 1 0 | reject 201 152 0 1 1 | -
152 0 1 1 160 1 1 | reject 202 152 0 1 1 | -
152 0 1 1 160 2 0 | reject 201 152 0 1 1 | -
152 0 1 1 160 2 1 | reject 202 152 0 1 1 | -
152 0 1 1 161 0 0 | reject 201 152 0 1 1 | -
152 0 1 1 161 0 1 | reject 202 152 0 1 1 | -
152 0 1 1 161 1 0 | reject 201 152 0 1 1 | -
152 0 1 1 161 1 1 | reject 202 152 0 1 1 | -
152 0 1 1 161 2 0 | reject 201 152 0 1 1 | -
152 0 1 1 161 2 1 | reject 202 152 0 1 1 | -
152 0 1 1 162 0 0 | reject 201 152 0 1 1 | -
152 0 1 1 162 0 1 | reject 202 152 0 1 1 | -
152 0 1 1 162 1 0 | reject 201 152 0 1 1 | -
152 0 1 1 162 1 1 | reject 202 152 0 1 1 | -
152 0 1 1 162 2 0 | reject 201 152 0 1 1 | -
152 0 1 1 162 2 1 | reject 202 152 0 1 1 | -
152 1 0 0 160 0 0 | reject 201 152 1 0 0 | -
152 1 0 0 160 0 1 | reject 202 152 1 0 0 | -
152 1 0 0 160 1 0 | reject 201 152 1 0 0 | -
152 1 0 0 160 1 1 | reject 202 152 1 0 0 | -
152 1 0 0 160 2 0 | reject 201 152 1 0 0 | -
152 1 0 0 160 2 1 | reject 202 152 1 0 0 | -
152 1 0 0 161 0 0 | reject 201 152 1 0 0 | -
152 1 0 0 161 0 1 | reject 202 152 1 0 0 | -
152 1 0 0 161 1 0 | reject 201 152 1 0 0 | -
152 1 0 0 161 1 1 | reject 202 152 1 0 0 | -
152 1 0 0 161 2 0 | reject 201 152 1 0 0 | -
152 1 0 0 161 2 1 | reject 202 152 1 0 0 | -
152 1 0 0 162 0 0 | reject 201 152 1 0 0 | -
152 1 0 0 162 0 1 | reject 202 152 1 0 0 | -
152 1 0 0 162 1 0 | reject 201 152 1 0 0 | -
152 1 0 0 162 1 1 | reject 202 152 1 0 0 | -
152 1 0 0 162 2 0 | reject 201 152 1 0 0 | -
152 1 0 0 162 2 1 | reject 202 152 1 0 0 | -
152 1 0 1 160 0 0 | reject 201 152 1 0 1 | -
152 1 0 1 160 0 1 | reject 202 152 1 0 1 | -
152 1 0 1 160 1 0 | reject 201 152 1 0 1 | -
152 1 0 1 160 1 1 | reject 202 152 1 0 1 | -
152 1 0 1 160 2 0 | reject 201 152 1 0 1 | -
152 1 0 1 160 2 1 | reject 202 152 1 0 1 | -
152 1 0 1 161 0 0 | reject 201 152 1 0 1 | -
152 1 0 1 161 0 1 | reject 202 152 1 0 1 | -
152 1 0 1 161 1 0 | reject 201 152 1 0 1 | -
152 1 0 1 161 1 1 | reject 202 152 1 0 1 | -
152 1 0 1 161 2 0 | reject 201 152 1 0 1 | -
152 1 0 1 161 2 1 | reject 202 152 1 0 1 | -
152 1 0 1 162 0 0 | reject 201 152 1 0 1 | -
152 1 0 1 162 0 1 | reject 202 152 1 0 1 | -
152 1 0 1 162 1 0 | reject 201 152 1 0 1 | -
152 1 0 1 162 1 1 | reject 202 152 1 0 1 | -
152 1 0 1 162 2 0 | reject 201 152 1 0 1 | -
152 1 0 1 162 2 1 | reject 202 152 1 0 1 | -
152 1 1 0 160 0 0 | reject 201 152 1 1 0 | -
152 1 1 0 160 0 1 | reject 202 152 1 1 0 | -
152 1 1 0 160 1 0 | reject 201 152 1 1 0 | -
152 1 1 0 160 1 1 | reject 202 152 1 1 0 | -
152 1 1 0 160 2 0 | reject 201 152 1 1 0 | -
152 1 1 0 160 2 1 | reject 202 152 1 1 0 | -
152 1 1 0 161 0 0 | reject 201 152 1 1 0 | -
152 1 1 0 161 0 1 | reject 202 152 1 1 0 | -
152 1 1 0 161 1 0 | reject 201 152 1 1 0 | -
152 1 1 0 161 1 1 | reject 202 152 1 1 0 | -
152 1 1 0 161 2 0 | reject 201 152 1 1 0 | -
152 1 1 0 161 2 1 | reject 202 152 1 1 0 | -
152 1 1 0 162 0 0 | reject 201 152 1 1 0 | -
152 1 1 0 162 0 1 | reject 202 152 1 1 0 | -
152 1 1 0 162 1 0 | reject 201 152 1 1 0 | -
152 1 1 0 162 1 1 | reject 202 152 1 1 0 | -
152 1 1 0 162 2 0 | reject 201 152 1 1 0 | -
152 1 1 0 162 2 1 | reject 202 152 1 1 0 | -
152 1 1 1 160 0 0 | reject 201 152 1 1 1 | -
152 1 1 1 160 0 1 | reject 202 152 1 1 1 | -
152 1 1 1 160 1 0 | reject 201 152 1 1 1 | -
152 1 1 1 160 1 1 | reject 202 152 1 1 1 | -
152 1 1 1 160 2 0 | reject 201 152 1 1 1 | -
152 1 1 1 160 2 1 | reject 202 152 1 1 1 | -
152 1 1 1 161 0 0 | reject 201 152 1 1 1 | -
152 1 1 1 161 0 1 | reject 202 152 1 1 1 | -
152 1 1 1 161 1 0 | reject 201 152 1 1 1 | -
152 1 1 1 161 1 1 | reject 202 152 1 1 1 | -
152 1 1 1 161 2 0 | reject 201 152 1 1 1 | -
152 1 1 1 161 2 1 | reject 202 152 1 1 1 | -
152 1 1 1 162 0 0 | reject 201 152 1 1 1 | -
152 1 1 1 162 0 1 | reject 202 152 1 1 1 | -
152 1 1 1 162 1 0 | reject 201 152 1 1 1 | -
152 1 1 1 162 1 1 | reject 202 152 1 1 1 | -
152 1 1 1 162 2 0 | reject 201 152 1 1 1 | -
152 1 1 1 162 2 1 | reject 202 152 1 1 1 | -
